72 76 78 79 80 82 83 85 88 90 92 94 97 102 103 105 110 114 115 98 111 106 77 89 96 107 71 73 100 75 95 109 84 101 112 93 86 91 116 87 117 81 113 108 99 104 74 
59 74 94 104 119 149 159 164 169 184 204 219 229 189 224 34 209 154 49 79 89 199 174 194 134 39 144 114 129 44 109 64 124 139 214 99 179 54 69 84 
25 31 34 40 76 79 91 94 97 64 55 88 19 37 61 28 73 43 58 70 46 85 22 67 52 82 49 100 
86 87 92 93 95 98 100 101 107 108 110 111 113 114 116 118 119 94 89 88 97 91 105 103 115 102 121 117 120 96 112 106 99 122 84 85 109 90 104 
62 64 66 70 74 86 88 90 94 104 106 116 118 122 120 98 102 108 78 100 58 110 80 72 112 68 92 56 76 84 60 114 82 96 124 
37 41 45 77 81 85 89 97 121 125 129 133 65 73 33 61 69 109 117 101 113 49 57 93 53 137 105 141 
38 40 44 48 50 64 66 74 72 54 36 82 62 56 76 58 46 70 60 80 42 78 68 52 
63 66 69 71 72 74 77 83 87 92 93 96 97 98 101 103 65 61 62 94 99 68 90 85 81 100 88 79 89 60 95 86 76 84 78 67 91 64 82 102 70 73 75 80 
48 54 57 60 66 78 81 105 117 123 132 135 138 141 147 153 159 102 69 162 150 126 120 90 84 111 108 114 93 63 87 72 156 75 144 129 96 51 99 
87 95 107 131 135 139 143 159 163 127 151 99 111 167 123 115 83 91 103 147 79 119 155 
23 26 27 29 31 37 38 46 39 30 41 42 48 35 25 40 34 44 50 28 33 36 32 22 45 47 49 43 24 
74 84 104 114 119 129 134 139 144 69 154 99 79 124 109 94 59 64 149 89 
92 97 107 112 162 167 197 207 212 217 222 227 237 247 267 287 292 312 192 122 152 242 277 142 272 172 177 132 262 202 302 182 157 147 127 187 297 117 252 257 232 307 282 137 102 
60 68 92 96 104 88 90 100 64 76 58 62 78 86 102 84 98 82 66 70 94 74 56 72 80 
67 69 75 79 83 93 101 109 111 115 121 127 133 113 85 119 117 89 107 81 103 99 141 77 139 73 137 131 125 71 97 105 91 87 135 123 95 143 129 
121 125 129 149 153 173 93 169 133 185 117 145 177 181 157 109 97 161 165 101 113 141 137 105 
55 63 83 95 99 107 127 143 79 119 135 67 75 91 87 131 123 111 59 115 103 151 71 147 139 
38 39 40 41 43 51 53 56 59 54 57 46 58 52 48 55 44 47 50 42 45 49 60 
77 80 89 98 104 116 119 122 137 152 155 158 164 173 188 191 110 176 140 101 113 143 185 83 134 86 194 170 95 182 149 107 161 128 92 146 125 74 179 167 131 
90 100 125 150 155 160 170 190 200 205 230 235 240 255 260 270 275 280 215 140 245 265 210 250 225 165 195 220 145 110 175 180 95 185 130 135 115 120 105 
